19/05/2025     LISTADO TESTIGO PERSONAL SIN PRESENTISMO      P g.


          Nro Control    Planta        Mes        Anio
          49006572          C          05          25
          49011404          P          05          25
          51002183          P          05          25
          51013032          P          05          25
          64010801          P          05          25
          49006585          C          05          25
          49009591          P          05          25
          49011705          P          05          25
          49013294          P          05          25
          64013702          P          05          25
          64130012          P          05          25
          49355594          C          05          25
          64128214          C          05          25
          64128913          C          05          25
          49003532          P          05          25
          49011603          P          05          25
          49013192          P          05          25
          51003545          P          05          25
          74003294          P          05          25
          76185821          P          05          25
          76185834          P          05          25
          76186131          P          05          25
          76187705          P          05          25
          76215744          P          05          25
          76216685          P          05          25
          76217424          P          05          25
          76228483          P          05          25
          81147331          P          05          25
          49352591          C          05          25
          76260781          C          05          25
          70193162          P          05          25
          70316464          P          05          25
          70318351          P          05          25
          74004253          P          05          25
          76000893          P          05          25
          76170151          P          05          25
          76182514          P          05          25
          76183581          P          05          25
          76218014          P          05          25
          76226384          P          05          25
          76241601          P          05          25
          76244191          P          05          25
          76246025          P          05          25
          77064664          P          05          25
          77154252          P          05          25
          77175923          P          05          25
          77195481          P          05          25
          77195494          P          05          25
          77234442          P          05          25
          77236334          P          05          25
          77266512          P          05          25
          77283462          P          05          25
          77290744          P          05          25
          77293962          P          05          25
          77307494          P          05          25
          77978384          P          05          25
          74033281          C          05          25
          76224824          C          05          25
          76233661          C          05          25
          76239065          C          05          25
          76251533          C          05          25
          76255642          C          05          25
          01023794          P          05          25
          01025893          P          05          25
          13010372          P          05          25
          24003524          P          05          25
          24003642          P          05          25
          24010733          P          05          25
          24011632          P          05          25
          64050301          P          05          25
          66010783          P          05          25
          66014724          P          05          25
          73005563          P          05          25
          76184833          P          05          25
          76189003          P          05          25
          76189082          P          05          25
          76190193          P          05          25
          76197585          P          05          25
          76208585          P          05          25
          76215391          P          05          25
          76217995          P          05          25
          76225485          P          05          25
          76234251          P          05          25
          76238195          P          05          25
          76323694          P          05          25
          77009774          P          05          25
          77041454          P          05          25
          77043943          P          05          25
          77084143          P          05          25
          77191034          P          05          25
          77191301          P          05          25
          77197695          P          05          25
          77206415          P          05          25
          77215794          P          05          25
          77218263          P          05          25
          77218441          P          05          25
          77219421          P          05          25
          77227652          P          05          25
          77228674          P          05          25
          77232733          P          05          25
          77236591          P          05          25
          77246512          P          05          25
          77249921          P          05          25
          77250215          P          05          25
          77250545          P          05          25
          77262924          P          05          25
          77270045          P          05          25
          77270825          P          05          25
          77286295          P          05          25
          81147695          P          05          25
          81148345          P          05          25
          15033485          C          05          25
          15033752          C          05          25
          24004143          C          05          25
          24005542          C          05          25
          24005741          C          05          25
          24005945          C          05          25
          24006145          C          05          25
          76233522          C          05          25
          76252631          C          05          25
          77243014          C          05          25
          77284413          C          05          25
          77292681          C          05          25
          77293572          C          05          25
          77296554          C          05          25
          77317685          C          05          25
          01012183          P          05          25
          01026174          P          05          25
          06000725          P          05          25
          07026784          P          05          25
          07026904          P          05          25
          08000283          P          05          25
          13009805          P          05          25
          15005322          P          05          25
          15008265          P          05          25
          15011483          P          05          25
          15011491          P          05          25
          15013663          P          05          25
          15015652          P          05          25
          15017714          P          05          25
          15017913          P          05          25
          15018325          P          05          25
          15020034          P          05          25
          15020631          P          05          25
          15021022          P          05          25
          15021661          P          05          25
          15022463          P          05          25
          15022612          P          05          25
          15024232          P          05          25
          15028493          P          05          25
          15028744          P          05          25
          15032413          P          05          25
          15034342          P          05          25
          16005885          P          05          25
          18004295          P          05          25
          18028715          P          05          25
          18033113          P          05          25
          23074855          P          05          25
          51014135          P          05          25
          64014635          P          05          25
          76185685          P          05          25
          76200281          P          05          25
          76225684          P          05          25
          76227385          P          05          25
          76244183          P          05          25
          76248815          P          05          25
          77009732          P          05          25
          77037531          P          05          25
          77062421          P          05          25
          77103743          P          05          25
          77104354          P          05          25
          77104561          P          05          25
          77105384          P          05          25
          77142292          P          05          25
          77142352          P          05          25
          77155541          P          05          25
          77197352          P          05          25
          77208491          P          05          25
          77212974          P          05          25
          77216915          P          05          25
          77217131          P          05          25
          77222513          P          05          25
          77226512          P          05          25
          77227013          P          05          25
          77233771          P          05          25
          77234065          P          05          25
          77235901          P          05          25
          77239882          P          05          25
          77240595          P          05          25
          77241321          P          05          25
          77242932          P          05          25
          77243624          P          05          25
          77263514          P          05          25
          77265493          P          05          25
          77266012          P          05          25
          77268234          P          05          25
          77268462          P          05          25
          77268844          P          05          25
          77269845          P          05          25
          77272152          P          05          25
          77274044          P          05          25
          77275375          P          05          25
          77281855          P          05          25
          77293394          P          05          25
          77294345          P          05          25
          77296135          P          05          25
          77308741          P          05          25
          77310104          P          05          25
          78197051          P          05          25
          01024711          C          05          25
          01024931          C          05          25
          07026844          C          05          25
          07026962          C          05          25
          08001022          C          05          25
          13011352          C          05          25
          15031263          C          05          25
          15034185          C          05          25
          15034973          C          05          25
          15901112          C          05          25
          15901214          C          05          25
          15901413          C          05          25
          15901722          C          05          25
          15901811          C          05          25
          15902011          C          05          25
          18005403          C          05          25
          18028731          C          05          25
          18029122          C          05          25
          18033715          C          05          25
          18034224          C          05          25
          18034622          C          05          25
          18036823          C          05          25
          51011103          C          05          25
          64014033          C          05          25
          76234832          C          05          25
          77251583          C          05          25
          77263365          C          05          25
          77264764          C          05          25
          77276753          C          05          25
          77280862          C          05          25
          77282673          C          05          25
          77316854          C          05          25
          77317091          C          05          25
          77318343          C          05          25
          77320311          C          05          25
          77321105          C          05          25
          77321524          C          05          25
          77321621          C          05          25
          77321935          C          05          25
          77323343          C          05          25
          77327915          C          05          25
          77328212          C          05          25
          77332915          C          05          25
          77338005          C          05          25
          77339705          C          05          25
          01015791          P          05          25
          01017492          P          05          25
          01020995          P          05          25
          01022073          P          05          25
          01022374          P          05          25
          01022395          P          05          25
          01022675          P          05          25
          01022874          P          05          25
          01023561          P          05          25
          01023765          P          05          25
          01024465          P          05          25
          01026483          P          05          25
          04040631          P          05          25
          04040835          P          05          25
          06001132          P          05          25
          08000212          P          05          25
          13008011          P          05          25
          13008202          P          05          25
          13010534          P          05          25
          15016695          P          05          25
          15016983          P          05          25
          15019732          P          05          25
          15021925          P          05          25
          15026491          P          05          25
          15026912          P          05          25
          15027442          P          05          25
          15028451          P          05          25
          15029054          P          05          25
          16004672          P          05          25
          16366935          P          05          25
          19008032          P          05          25
          19009795          P          05          25
          23068781          P          05          25
          26001344          P          05          25
          26002044          P          05          25
          26002125          P          05          25
          35067675          P          05          25
          37006815          P          05          25
          39001611          P          05          25
          41003231          P          05          25
          41004512          P          05          25
          41007015          P          05          25
          41007112          P          05          25
          41008304          P          05          25
          41012015          P          05          25
          41012201          P          05          25
          41013223          P          05          25
          41013422          P          05          25
          41013524          P          05          25
          42001462          P          05          25
          42002374          P          05          25
          43003702          P          05          25
          43004855          P          05          25
          43008663          P          05          25
          43009012          P          05          25
          43011182          P          05          25
          43011323          P          05          25
          43011734          P          05          25
          43012243          P          05          25
          43012492          P          05          25
          43013634          P          05          25
          43014282          P          05          25
          51003524          P          05          25
          52014245          P          05          25
          64006975          P          05          25
          66007421          P          05          25
          66007544          P          05          25
          66007743          P          05          25
          66014232          P          05          25
          68004295          P          05          25
          69005571          P          05          25
          70105944          P          05          25
          70247945          P          05          25
          73001454          P          05          25
          73001823          P          05          25
          73002552          P          05          25
          73003312          P          05          25
          73003553          P          05          25
          73003692          P          05          25
          73003744          P          05          25
          73004041          P          05          25
          73004813          P          05          25
          73004884          P          05          25
          73004915          P          05          25
          73005364          P          05          25
          73006035          P          05          25
          73006103          P          05          25
          73006221          P          05          25
          73006302          P          05          25
          73006483          P          05          25
          73006522          P          05          25
          73007853          P          05          25
          73008082          P          05          25
          73008281          P          05          25
          73009295          P          05          25
          73010864          P          05          25
          73122941          P          05          25
          73124401          P          05          25
          73193044          P          05          25
          73197292          P          05          25
          73198303          P          05          25
          73204201          P          05          25
          73205265          P          05          25
          74028663          P          05          25
          75025712          P          05          25
          76170504          P          05          25
          76170724          P          05          25
          76170871          P          05          25
          76185313          P          05          25
          76203991          P          05          25
          76222513          P          05          25
          76243682          P          05          25
          76243831          P          05          25
          76248912          P          05          25
          76325191          P          05          25
          77009994          P          05          25
          77013215          P          05          25
          77041491          P          05          25
          77066514          P          05          25
          77108395          P          05          25
          77112564          P          05          25
          77112653          P          05          25
          77142195          P          05          25
          77181262          P          05          25
          77181403          P          05          25
          77181681          P          05          25
          77183175          P          05          25
          77191584          P          05          25
          77192823          P          05          25
          77193052          P          05          25
          77198565          P          05          25
          77198832          P          05          25
          77199155          P          05          25
          77214552          P          05          25
          77215964          P          05          25
          77217385          P          05          25
          77223292          P          05          25
          77224293          P          05          25
          77225011          P          05          25
          77225715          P          05          25
          77226203          P          05          25
          77226724          P          05          25
          77231295          P          05          25
          77233603          P          05          25
          77238771          P          05          25
          77239374          P          05          25
          77242102          P          05          25
          77242864          P          05          25
          77245613          P          05          25
          77264285          P          05          25
          77265375          P          05          25
          77267152          P          05          25
          77268713          P          05          25
          77271282          P          05          25
          77272212          P          05          25
          77274992          P          05          25
          77286261          P          05          25
          77286392          P          05          25
          77286834          P          05          25
          77287754          P          05          25
          77287791          P          05          25
          77290451          P          05          25
          77290723          P          05          25
          77293925          P          05          25
          77294104          P          05          25
          77294531          P          05          25
          77295914          P          05          25
          77296973          P          05          25
          77318555          P          05          25
          77327185          P          05          25
          78195782          P          05          25
          81147093          P          05          25
          82005615          P          05          25
          82007374          P          05          25
          82007984          P          05          25
          82008032          P          05          25
          82008663          P          05          25
          82008723          P          05          25
          82010034          P          05          25
          82010131          P          05          25
          82010173          P          05          25
          82010241          P          05          25
          82011182          P          05          25
          82011865          P          05          25
          01020521          C          05          25
          01020704          C          05          25
          01021001          C          05          25
          01022015          C          05          25
          01022112          C          05          25
          01022125          C          05          25
          01022214          C          05          25
          01024554          C          05          25
          01024614          C          05          25
          01025034          C          05          25
          01025851          C          05          25
          01026522          C          05          25
          13011425          C          05          25
          15028875          C          05          25
          15031771          C          05          25
          15901133          C          05          25
          15901324          C          05          25
          23071763          C          05          25
          35000982          C          05          25
          35009334          C          05          25
          35009342          C          05          25
          37002264          C          05          25
          37006255          C          05          25
          42002293          C          05          25
          43013922          C          05          25
          66011344          C          05          25
          66013341          C          05          25
          66013943          C          05          25
          66014041          C          05          25
          73009614          C          05          25
          73011352          C          05          25
          73011381          C          05          25
          73011585          C          05          25
          73012015          C          05          25
          73012654          C          05          25
          73012751          C          05          25
          73012913          C          05          25
          76253145          C          05          25
          77203572          C          05          25
          77315824          C          05          25
          77316325          C          05          25
          77316391          C          05          25
          77316914          C          05          25
          77317083          C          05          25
          77317355          C          05          25
          77317415          C          05          25
          77317622          C          05          25
          77317635          C          05          25
          77318791          C          05          25
          77319975          C          05          25
          77322384          C          05          25
          77323212          C          05          25
          77323513          C          05          25
          77324983          C          05          25
          77326105          C          05          25
          77328893          C          05          25
          77329904          C          05          25
          77330515          C          05          25
          77332101          C          05          25
          77332902          C          05          25
          77333102          C          05          25
          77334302          C          05          25
          82008524          C          05          25
          82012104          C          05          25
          82012183          C          05          25
          82012594          C          05          25
          82012743          C          05          25
          88006124          C          05          25
          88006213          C          05          25
          88006315          C          05          25
          88006433          C          05          25
          88006912          C          05          25
          01018273          P          05          25
          01018375          P          05          25
          01025995          P          05          25
          01026572          P          05          25
          02003304          P          05          25
          02004541          P          05          25
          02010704          P          05          25
          02011001          P          05          25
          02058304          P          05          25
          06000704          P          05          25
          06001124          P          05          25
          06208792          P          05          25
          09003621          P          05          25
          09004101          P          05          25
          11000301          P          05          25
          13007701          P          05          25
          13010322          P          05          25
          15011205          P          05          25
          15013875          P          05          25
          15015694          P          05          25
          15016195          P          05          25
          15016894          P          05          25
          15017691          P          05          25
          15019151          P          05          25
          15019664          P          05          25
          15019944          P          05          25
          15020262          P          05          25
          15020885          P          05          25
          15021695          P          05          25
          15022332          P          05          25
          15023294          P          05          25
          15024821          P          05          25
          15024871          P          05          25
          15024944          P          05          25
          15024994          P          05          25
          15025055          P          05          25
          15027921          P          05          25
          15028943          P          05          25
          15029724          P          05          25
          15034211          P          05          25
          16004473          P          05          25
          16004821          P          05          25
          16005644          P          05          25
          24010631          P          05          25
          28061954          P          05          25
          30000741          P          05          25
          30000762          P          05          25
          30000783          P          05          25
          30000822          P          05          25
          37001234          P          05          25
          37001755          P          05          25
          37002921          P          05          25
          37003553          P          05          25
          37003642          P          05          25
          37004033          P          05          25
          37005924          P          05          25
          37006331          P          05          25
          37006543          P          05          25
          37006941          P          05          25
          37007162          P          05          25
          37008003          P          05          25
          37008621          P          05          25
          37008993          P          05          25
          37009091          P          05          25
          37010291          P          05          25
          37010495          P          05          25
          37011491          P          05          25
          37015814          P          05          25
          37016501          P          05          25
          37016603          P          05          25
          37017395          P          05          25
          39394271          P          05          25
          40009295          P          05          25
          40009533          P          05          25
          40010775          P          05          25
          41000754          P          05          25
          41003391          P          05          25
          41003605          P          05          25
          41010212          P          05          25
          41012311          P          05          25
          41014305          P          05          25
          42001491          P          05          25
          42001713          P          05          25
          42001991          P          05          25
          45001182          P          05          25
          46137535          P          05          25
          47058304          P          05          25
          47058354          P          05          25
          47058362          P          05          25
          47058451          P          05          25
          47058553          P          05          25
          47139045          P          05          25
          47140782          P          05          25
          47140981          P          05          25
          47146885          P          05          25
          47148484          P          05          25
          48005165          P          05          25
          48005233          P          05          25
          50006161          P          05          25
          51002031          P          05          25
          51003812          P          05          25
          51005505          P          05          25
          51013634          P          05          25
          51013841          P          05          25
          51014541          P          05          25
          51016035          P          05          25
          51016433          P          05          25
          51016535          P          05          25
          52006132          P          05          25
          52006933          P          05          25
          52007183          P          05          25
          52011912          P          05          25
          52012811          P          05          25
          64002015          P          05          25
          64002604          P          05          25
          64004965          P          05          25
          64005644          P          05          25
          64005665          P          05          25
          64005775          P          05          25
          64005872          P          05          25
          64006153          P          05          25
          64006535          P          05          25
          64006734          P          05          25
          64007031          P          05          25
          64007141          P          05          25
          64008061          P          05          25
          64011221          P          05          25
          64124215          P          05          25
          64137653          P          05          25
          66003341          P          05          25
          66007735          P          05          25
          66007861          P          05          25
          66011514          P          05          25
          66012811          P          05          25
          66014622          P          05          25
          66015123          P          05          25
          67003215          P          05          25
          67003545          P          05          25
          67003833          P          05          25
          67003854          P          05          25
          68002293          P          05          25
          68002492          P          05          25
          68003692          P          05          25
          68005592          P          05          25
          68005791          P          05          25
          68006585          P          05          25
          69071991          P          05          25
          70105931          P          05          25
          70222903          P          05          25
          70293302          P          05          25
          73000681          P          05          25
          73000911          P          05          25
          73003273          P          05          25
          73003582          P          05          25
          73004614          P          05          25
          73004761          P          05          25
          73005783          P          05          25
          73006051          P          05          25
          73006441          P          05          25
          73007992          P          05          25
          73008032          P          05          25
          73008074          P          05          25
          73008341          P          05          25
          73008354          P          05          25
          73008464          P          05          25
          73008485          P          05          25
          73008773          P          05          25
          73096514          P          05          25
          73121275          P          05          25
          73122975          P          05          25
          73156534          P          05          25
          73198793          P          05          25
          73198803          P          05          25
          73205341          P          05          25
          74025924          P          05          25
          74028304          P          05          25
          74028692          P          05          25
          74029554          P          05          25
          74030681          P          05          25
          75068011          P          05          25
          75123434          P          05          25
          75123691          P          05          25
          75178112          P          05          25
          75197881          P          05          25
          75198641          P          05          25
          75214573          P          05          25
          75216122          P          05          25
          75220891          P          05          25
          75223705          P          05          25
          75225804          P          05          25
          75230192          P          05          25
          75230595          P          05          25
          75232233          P          05          25
          75233182          P          05          25
          75242665          P          05          25
          75243263          P          05          25
          75245464          P          05          25
          75245993          P          05          25
          75246274          P          05          25
          75246363          P          05          25
          75258195          P          05          25
          75258894          P          05          25
          75263873          P          05          25
          75281384          P          05          25
          75282932          P          05          25
          75288263          P          05          25
          75298514          P          05          25
          75298802          P          05          25
          75299793          P          05          25
          75300701          P          05          25
          75301312          P          05          25
          75302295          P          05          25
          75303092          P          05          25
          75305293          P          05          25
          75305395          P          05          25
          75305992          P          05          25
          76110203          P          05          25
          76170012          P          05          25
          76176034          P          05          25
          76183183          P          05          25
          76184281          P          05          25
          76184532          P          05          25
          76185282          P          05          25
          76191783          P          05          25
          76215545          P          05          25
          76216012          P          05          25
          76220273          P          05          25
          76221512          P          05          25
          76242194          P          05          25
          76243205          P          05          25
          76247924          P          05          25
          76248823          P          05          25
          76249214          P          05          25
          76255744          P          05          25
          76256342          P          05          25
          76294382          P          05          25
          77012913          P          05          25
          77058715          P          05          25
          77074583          P          05          25
          77078155          P          05          25
          77105245          P          05          25
          77108345          P          05          25
          77126754          P          05          25
          77181592          P          05          25
          77182941          P          05          25
          77193641          P          05          25
          77194121          P          05          25
          77194265          P          05          25
          77194825          P          05          25
          77194943          P          05          25
          77195711          P          05          25
          77197865          P          05          25
          77197912          P          05          25
          77198722          P          05          25
          77198845          P          05          25
          77199171          P          05          25
          77214112          P          05          25
          77214484          P          05          25
          77215862          P          05          25
          77217822          P          05          25
          77219104          P          05          25
          77221622          P          05          25
          77223904          P          05          25
          77227911          P          05          25
          77228713          P          05          25
          77230074          P          05          25
          77230574          P          05          25
          77230642          P          05          25
          77233085          P          05          25
          77234332          P          05          25
          77235435          P          05          25
          77235443          P          05          25
          77236151          P          05          25
          77236512          P          05          25
          77236614          P          05          25
          77239565          P          05          25
          77240702          P          05          25
          77244154          P          05          25
          77245715          P          05          25
          77245854          P          05          25
          77246533          P          05          25
          77250582          P          05          25
          77252851          P          05          25
          77253051          P          05          25
          77253653          P          05          25
          77255493          P          05          25
          77264714          P          05          25
          77265192          P          05          25
          77265443          P          05          25
          77265804          P          05          25
          77266643          P          05          25
          77267924          P          05          25
          77268441          P          05          25
          77268572          P          05          25
          77269052          P          05          25
          77269154          P          05          25
          77270613          P          05          25
          77271114          P          05          25
          77273454          P          05          25
          77275993          P          05          25
          77276151          P          05          25
          77276591          P          05          25
          77279272          P          05          25
          77280231          P          05          25
          77280503          P          05          25
          77281465          P          05          25
          77282615          P          05          25
          77283103          P          05          25
          77283852          P          05          25
          77285804          P          05          25
          77286512          P          05          25
          77288491          P          05          25
          77289803          P          05          25
          77290095          P          05          25
          77291635          P          05          25
          77292343          P          05          25
          77293323          P          05          25
          77294031          P          05          25
          77294073          P          05          25
          77294573          P          05          25
          77294921          P          05          25
          77295171          P          05          25
          77296635          P          05          25
          77317664          P          05          25
          78197755          P          05          25
          81142624          P          05          25
          81142742          P          05          25
          81146725          P          05          25
          82004753          P          05          25
          82007722          P          05          25
          82011242          P          05          25
          84034402          P          05          25
          84035791          P          05          25
          84036394          P          05          25
          84037094          P          05          25
          84038794          P          05          25
          84038804          P          05          25
          84038891          P          05          25
          84039703          P          05          25
          84040204          P          05          25
          84041205          P          05          25
          85001344          P          05          25
          85001784          P          05          25
          85001823          P          05          25
          85002811          P          05          25
          85003231          P          05          25
          86000631          P          05          25
          86001873          P          05          25
          86002434          P          05          25
          86002502          P          05          25
          99002662          P          05          25
          99072374          P          05          25
          99072382          P          05          25
          99096564          P          05          25
          99097073          P          05          25
          99097104          P          05          25
          99126364          P          05          25
          99151822          P          05          25
          99152001          P          05          25
          01020903          C          05          25
          01024062          C          05          25
          01025555          C          05          25
          02012502          C          05          25
          05200074          C          05          25
          05200113          C          05          25
          05200163          C          05          25
          06001205          C          05          25
          09000212          C          05          25
          09000822          C          05          25
          09004232          C          05          25
          13011001          C          05          25
          13011051          C          05          25
          15028281          C          05          25
          15029172          C          05          25
          15032374          C          05          25
          15032581          C          05          25
          15035974          C          05          25
          18030602          C          05          25
          35000275          C          05          25
          35000534          C          05          25
          35000665          C          05          25
          35000835          C          05          25
          35002895          C          05          25
          35008074          C          05          25
          35008171          C          05          25
          35009664          C          05          25
          37003375          C          05          25
          37003773          C          05          25
          37004774          C          05          25
          37006174          C          05          25
          37007175          C          05          25
          37007484          C          05          25
          37008184          C          05          25
          37008684          C          05          25
          37012604          C          05          25
          37015704          C          05          25
          37017112          C          05          25
          37028294          C          05          25
          40011771          C          05          25
          40011831          C          05          25
          40012002          C          05          25
          41008121          C          05          25
          41010123          C          05          25
          41013825          C          05          25
          42002044          C          05          25
          47150083          C          05          25
          51011205          C          05          25
          51011501          C          05          25
          52006713          C          05          25
          52006844          C          05          25
          52007845          C          05          25
          64005681          C          05          25
          64005982          C          05          25
          64008464          C          05          25
          64008503          C          05          25
          64008613          C          05          25
          64009813          C          05          25
          64009834          C          05          25
          64009855          C          05          25
          64009981          C          05          25
          64010123          C          05          25
          64010283          C          05          25
          64056705          C          05          25
          64057002          C          05          25
          66014245          C          05          25
          66017573          C          05          25
          67004261          C          05          25
          67004575          C          05          25
          68008493          C          05          25
          68008891          C          05          25
          70315751          C          05          25
          70316451          C          05          25
          70320175          C          05          25
          71008692          C          05          25
          71016491          C          05          25
          71016695          C          05          25
          73007811          C          05          25
          73009724          C          05          25
          73010173          C          05          25
          73012691          C          05          25
          73012785          C          05          25
          73012853          C          05          25
          75298844          C          05          25
          75299612          C          05          25
          75304111          C          05          25
          75304205          C          05          25
          75304611          C          05          25
          75306003          C          05          25
          75306401          C          05          25
          76217945          C          05          25
          76227351          C          05          25
          76237563          C          05          25
          76250443          C          05          25
          76255841          C          05          25
          76265781          C          05          25
          76292673          C          05          25
          76304483          C          05          25
          77040283          C          05          25
          77231965          C          05          25
          77264544          C          05          25
          77282364          C          05          25
          77297872          C          05          25
          77316231          C          05          25
          77317075          C          05          25
          77317371          C          05          25
          77318814          C          05          25
          77319852          C          05          25
          77320793          C          05          25
          77321362          C          05          25
          77321485          C          05          25
          77322224          C          05          25
          77323152          C          05          25
          77323393          C          05          25
          77323453          C          05          25
          77323885          C          05          25
          77324221          C          05          25
          77325382          C          05          25
          77325913          C          05          25
          77327122          C          05          25
          77327782          C          05          25
          77328115          C          05          25
          77328283          C          05          25
          77328291          C          05          25
          77328314          C          05          25
          77328911          C          05          25
          77329802          C          05          25
          77330285          C          05          25
          77332583          C          05          25
          77335701          C          05          25
          77336113          C          05          25
          77336401          C          05          25
          77338115          C          05          25
          77338903          C          05          25
          77341715          C          05          25
          81146704          C          05          25
          82012421          C          05          25
          82012675          C          05          25
          85002332          C          05          25
          85003731          C          05          25
          86002714          C          05          25
          86002751          C          05          25
          88005385          C          05          25
          91006983          C          05          25
          95010005          C          05          25
          99158324          C          05          25
          99158544          C          05          25






         TOTAL DE REGISTROS:      1016


          Planta Contratada:       292


          Planta Permanente:       724


